year,n_resolutions,n_passed,n_members,percent_passed,session_id
1946,43,28,52,0.65,1
1947,38,27,55,0.71,2
1948,104,39,56,0.38,3
1949,64,31,57,0.48,4
1950,53,30,58,0.57,5
1951,25,17,58,0.68,6
1952,49,28,58,0.57,7
1953,26,22,58,0.85,8
1954,31,23,58,0.74,9
1955,37,26,58,0.7,10
1957,67,54,79,0.81,11
1957,34,25,80,0.74,12
1959,33,25,81,0.76,13
1959,54,37,81,0.69,14
1960,104,53,98,0.51,15
1962,76,50,102,0.66,16
1962,46,26,108,0.57,17
1963,32,28,109,0.88,18
1965,1,0,113,0.0,19
1965,41,33,116,0.8,20
1966,53,37,119,0.7,21
1968,57,38,121,0.67,22
1968,51,36,123,0.71,23
1969,44,34,123,0.77,24
1970,67,54,124,0.81,25
1971,126,97,128,0.77,26
1972,109,97,129,0.89,27
1973,94,86,131,0.91,28
1974,76,69,134,0.91,29
1975,70,67,140,0.96,30
1976,89,87,142,0.98,31
1977,98,97,145,0.99,32
1979,132,129,147,0.98,33
1979,123,122,148,0.99,34
1980,103,101,150,0.98,35
1981,134,131,153,0.98,36
1982,160,158,153,0.99,37
1983,149,149,154,1.0,38
1984,151,149,155,0.99,39
1985,155,152,155,0.98,40
1986,155,154,155,0.99,41
1987,146,144,155,0.99,42
1988,136,134,155,0.99,43
1989,116,115,155,0.99,44
1990,86,86,157,1.0,45
1992,75,74,177,0.99,46
1993,75,71,179,0.95,47
1993,65,62,183,0.95,48
1995,68,64,184,0.94,49
1995,81,75,184,0.93,50
1996,76,72,184,0.95,51
1997,69,67,184,0.97,52
1998,61,59,184,0.97,53
1999,68,67,187,0.99,54
2000,67,66,189,0.99,55
2001,67,65,189,0.97,56
2002,73,72,191,0.99,57
2004,76,72,191,0.95,58
2005,71,66,191,0.93,59
2006,75,72,192,0.96,60
2006,87,82,192,0.94,61
2007,77,73,192,0.95,62
2008,74,72,192,0.97,63
2009,69,66,192,0.96,64
2010,67,64,192,0.96,65
2011,65,64,193,0.98,66
