year,n_resolutions,n_passed,n_members,percent_passed,n_important,session_id
1946,43,28,52,0.65,0,1
1947,38,27,55,0.71,0,2
1948,104,39,56,0.38,0,3
1949,64,31,57,0.48,0,4
1950,53,30,58,0.57,0,5
1951,25,17,58,0.68,0,6
1952,49,28,58,0.57,0,7
1953,26,22,58,0.85,0,8
1954,31,23,58,0.74,0,9
1955,37,26,58,0.7,0,10
1957,67,54,79,0.81,0,11
1957,34,25,80,0.74,0,12
1959,33,25,81,0.76,0,13
1959,54,37,81,0.69,0,14
1960,104,53,98,0.51,0,15
1962,76,50,102,0.66,0,16
1962,46,26,108,0.57,0,17
1963,32,28,109,0.88,0,18
1965,1,0,113,0.0,0,19
1965,41,33,116,0.8,0,20
1966,53,37,119,0.7,0,21
1968,57,38,121,0.67,0,22
1968,51,36,123,0.71,0,23
1969,44,34,123,0.77,0,24
1970,67,54,124,0.81,0,25
1971,126,97,128,0.77,0,26
1972,109,97,129,0.89,0,27
1973,94,86,131,0.91,0,28
1974,76,69,134,0.91,0,29
1975,70,67,140,0.96,0,30
1976,89,87,142,0.98,0,31
1977,98,97,145,0.99,0,32
1979,132,129,147,0.98,0,33
1979,123,122,148,0.99,0,34
1980,103,101,150,0.98,0,35
1981,134,131,153,0.98,0,36
1982,160,158,153,0.99,0,37
1983,149,149,154,1.0,8,38
1984,151,149,155,0.99,8,39
1985,155,152,155,0.98,9,40
1986,155,154,155,0.99,10,41
1987,146,144,155,0.99,9,42
1988,136,134,155,0.99,6,43
1989,116,115,155,0.99,14,44
1990,86,86,157,1.0,8,45
1992,75,74,177,0.99,10,46
1993,75,71,179,0.95,0,47
1993,65,62,183,0.95,0,48
1995,68,64,184,0.94,15,49
1995,81,75,184,0.93,0,50
1996,76,72,184,0.95,0,51
1997,69,67,184,0.97,11,52
1998,61,59,184,0.97,10,53
1999,68,67,187,0.99,13,54
2000,67,66,189,0.99,10,55
2001,67,65,189,0.97,10,56
2002,73,72,191,0.99,14,57
2004,76,72,191,0.95,13,58
2005,71,66,191,0.93,9,59
2006,75,72,192,0.96,10,60
2006,87,82,192,0.94,12,61
2007,77,73,192,0.95,12,62
2008,74,72,192,0.97,12,63
2009,69,66,192,0.96,12,64
2010,67,64,192,0.96,13,65
2011,65,64,193,0.98,0,66
